9
8
7
5
4
3
2
27
26
25
23
22
1333
1636
2087
2580
4004
2940
4715
5017
2636
1
19
18
17
16
15
14
13
12
11
10
9
8
6
5
7
1652
1383
2064
2225
3077
2724
3650
3766
3884
4225
4632
4797
5017
1
20
2
19
17
18
16
15
14
13
12
11
10
9
8
7
2158
2302
2420
2654
3276
3324
3508
4070
4797
4984
5017
1
18
16
17
15
14
13
12
11
10
9
8
6
5
4
7
1313
2032
2104
2300
2648
3201
3502
3622
4452
4791
4401
5017
5016
5015
5014
5013
5012
5011
5010
5009
5007
5006
5008
5005
5004
5003
5002
5001
5000
4999
4997
4996
4994
4998
4992
4993
4995
4991
4990
4989
4986
4988
4987
4985
4984
4983
4982
4981
4980
4979
4978
4976
4977
4973
4975
4972
4971
4970
4974
4969
4968
4967
4966
4965
4963
4962
4964
4961
4960
4959
4958
4957
4955
4956
4954
4953
4952
4951
4950
4949
4948
4947
4946
4945
4944
4943
4942
4941
4940
4938
4939
4937
4936
4935
4933
4932
4934
4930
4931
4928
4927
4926
4929
4925
4923
4924
4922
4921
4920
4919
4917
4916
4918
4915
4914
4912
4911
4910
4909
4908
4913
4907
4906
4905
4904
3
1
12
9
8
7
6
5
11
10
25
2
4
24
23
22
2332
1342
2564
4104
4791
4455
5017
13
12
1
11
9
8
7
6
5
4
3
29
30
28
1671
2274
2137
2683
2697
2999
2
2997
2998
2996
2995
2994
2993
2992
2990
2989
2988
2986
2985
2991
2984
2987
2983
2981
2982
2980
2979
2978
2977
2975
2976
2974
2973
2972
2971
2970
2969
2968
2966
2964
2965
2967
2963
2962
2961
2960
2959
2958
2957
2956
2955
2953
2954
2951
2952
2950
2949
2948
2947
2946
2945
2944
2943
2942
2941
2940
2939
2938
2937
2936
2935
2934
2933
2932
2931
2930
2929
2928
2926
2925
2924
2923
2927
2922
2921
2920
2919
2917
2916
2915
2918
2913
2914
2912
2911
2910
2909
2908
2907
2906
2905
2903
2902
2904
2901
2900
2899
2898
2897
2896
2895
2893
2894
2892
2891
2888
2889
2887
2886
2885
2884
2883
2882
2881
2879
2890
2878
2880
2877
2876
2875
2872
2874
2870
2873
2869
2868
2871
2866
2865
2864
2863
2862
2861
2860
2858
2859
2857
2856
2855
2853
2854
2852
2851
2850
2848
2849
2847
2846
2845
2843
2844
2841
2842
2839
2840
2838
2837
2836
2834
2833
2835
2832
2831
2830
2829
2828
2826
2825
2824
2823
2827
2822
2820
2819
2818
2821
2817
2816
2815
2814
2813
2812
2811
2810
2809
2808
2807
2805
2804
2803
2801
2806
2802
2800
2799
2798
2797
2796
2795
2794
2792
2793
2790
2789
2788
2787
2791
2786
2785
2783
2782
2781
2784
2779
2778
2777
2776
2775
2774
2773
2780
2772
2771
2770
2769
2768
2767
2766
2765
2764
2763
2762
2761
2760
2759
2758
2757
2756
